{
 "cells": [
  {
   "cell_type": "code",
   "execution_count": 1,
   "id": "0ac063a6",
   "metadata": {},
   "outputs": [],
   "source": [
    "import numpy as np\n",
    "from DataGenerator import DatatGenerator"
   ]
  },
  {
   "cell_type": "code",
   "execution_count": 2,
   "id": "4566f624",
   "metadata": {},
   "outputs": [
    {
     "name": "stdout",
     "output_type": "stream",
     "text": [
      "Connecting to CARLA at 172.31.32.1:2000\n",
      "Connected to Carla/Maps/Town10HD_Opt\n",
      "Vehicle spawned at Location(x=-15.407496, y=133.728470, z=0.600000)\n",
      "Autopilot enabled\n",
      "Camera 'front' spawned and recording to ./EK505-Data/front/\n",
      "Camera 'back' spawned and recording to ./EK505-Data/back/\n",
      "Camera 'left' spawned and recording to ./EK505-Data/left/\n",
      "Camera 'right' spawned and recording to ./EK505-Data/right/\n"
     ]
    }
   ],
   "source": [
    "data = DatatGenerator()\n",
    "data.connect()\n",
    "data.setup_world()\n",
    "data.setup_writer()\n",
    "data.setup_cameras()"
   ]
  },
  {
   "cell_type": "code",
   "execution_count": 3,
   "id": "73d9df03",
   "metadata": {},
   "outputs": [
    {
     "data": {
      "text/plain": [
       "5190"
      ]
     },
     "execution_count": 3,
     "metadata": {},
     "output_type": "execute_result"
    }
   ],
   "source": [
    "data.world.tick()"
   ]
  },
  {
   "cell_type": "code",
   "execution_count": 4,
   "id": "3b30100d",
   "metadata": {},
   "outputs": [
    {
     "data": {
      "text/plain": [
       "[<carla.ServerSideSensor at 0x700cf00d6ab0>,\n",
       " <carla.ServerSideSensor at 0x700cf00d6c70>,\n",
       " <carla.ServerSideSensor at 0x700cf00d6d50>,\n",
       " <carla.ServerSideSensor at 0x700cf00d6e30>]"
      ]
     },
     "execution_count": 4,
     "metadata": {},
     "output_type": "execute_result"
    }
   ],
   "source": [
    "camera_names = [\"front\", \"back\", \"left\", \"right\"]\n",
    "cameras = data.cameras\n",
    "cameras"
   ]
  },
  {
   "cell_type": "code",
   "execution_count": 5,
   "id": "f4d8bcac",
   "metadata": {},
   "outputs": [],
   "source": [
    "# extrinsics_list = []\n",
    "# for camera in cameras:\n",
    "#     # extrinsics = np.array(camera.get_transform().get_matrix())\n",
    "#     extrinsics = camera.get_transform().get_inverse_matrix()\n",
    "#     extrinsics_list.append(extrinsics)\n",
    "# # extrinsics_list\n",
    "\n",
    "extrinsics_dict = dict.fromkeys(camera_names)\n",
    "# for name, extrinsics in zip(camera_names, extrinsics_list):\n",
    "#     extrinsics_dict[name] = extrinsics\n",
    "\n",
    "for name, cam in zip(camera_names, cameras):\n",
    "    extrinsics_dict[name] = np.array(cam.get_transform().get_inverse_matrix())"
   ]
  },
  {
   "cell_type": "code",
   "execution_count": 6,
   "id": "6d3ff0b2",
   "metadata": {},
   "outputs": [
    {
     "data": {
      "text/plain": [
       "{'front': array([[1., 0., 0., 0.],\n",
       "        [0., 1., 0., 0.],\n",
       "        [0., 0., 1., 0.],\n",
       "        [0., 0., 0., 1.]]),\n",
       " 'back': array([[-9.84807755e-01,  3.39933676e-08, -1.73648163e-01,\n",
       "         -1.21833962e+00],\n",
       "        [-3.38632796e-08, -1.00000000e+00, -2.96265281e-09,\n",
       "         -5.31854482e-07],\n",
       "        [-1.73648165e-01,  2.96012819e-09,  9.84807755e-01,\n",
       "         -1.06591048e-01],\n",
       "        [ 0.00000000e+00,  0.00000000e+00,  0.00000000e+00,\n",
       "          1.00000000e+00]]),\n",
       " 'left': array([[ 7.59613451e-03, -9.96194708e-01, -8.68240802e-02,\n",
       "         -8.22900806e-01],\n",
       "        [ 9.96194690e-01,  1.19251700e-08,  8.71557343e-02,\n",
       "          2.38383487e-01],\n",
       "        [-8.68240815e-02, -8.71557372e-02,  9.92403878e-01,\n",
       "         -7.19944073e-02],\n",
       "        [ 0.00000000e+00,  0.00000000e+00,  0.00000000e+00,\n",
       "          1.00000000e+00]]),\n",
       " 'right': array([[ 7.59619724e-03,  9.96194708e-01, -8.68240747e-02,\n",
       "         -8.22909781e-01],\n",
       "        [-9.96194689e-01,  7.56174989e-08, -8.71557342e-02,\n",
       "         -2.38382796e-01],\n",
       "        [-8.68240760e-02,  8.71557371e-02,  9.92403878e-01,\n",
       "         -7.19938666e-02],\n",
       "        [ 0.00000000e+00,  0.00000000e+00,  0.00000000e+00,\n",
       "          1.00000000e+00]])}"
      ]
     },
     "execution_count": 6,
     "metadata": {},
     "output_type": "execute_result"
    }
   ],
   "source": [
    "# Reference Sensor - Front\n",
    "reference_sensor = 'front'\n",
    "\n",
    "T_w_front = extrinsics_dict[reference_sensor]\n",
    "\n",
    "calibrations = {}\n",
    "for k in camera_names:\n",
    "    w_to_k = extrinsics_dict[k]\n",
    "    if k == reference_sensor:\n",
    "        calibrations[k] = np.eye(4)\n",
    "    else:\n",
    "        calibrations[k] = w_to_k @ np.linalg.inv(T_w_front)\n",
    "\n",
    "calibrations\n"
   ]
  },
  {
   "cell_type": "code",
   "execution_count": 11,
   "id": "3609b9ef",
   "metadata": {},
   "outputs": [],
   "source": [
    "import json\n",
    "\n",
    "calibrations_serializable = {\n",
    "    name: mat.tolist() for name, mat in calibrations.items()\n",
    "}\n",
    "\n",
    "with open('./extrinsics.json', 'w') as f:\n",
    "    json.dump(calibrations_serializable, f, indent=4)"
   ]
  },
  {
   "cell_type": "code",
   "execution_count": 8,
   "id": "303a80ed",
   "metadata": {},
   "outputs": [
    {
     "data": {
      "text/plain": [
       "array([[640.,   0., 640.],\n",
       "       [  0., 640., 360.],\n",
       "       [  0.,   0.,   1.]])"
      ]
     },
     "execution_count": 8,
     "metadata": {},
     "output_type": "execute_result"
    }
   ],
   "source": [
    "def build_projection_matrix(w, h, fov, is_behind_camera=False):\n",
    "    # https://blog.wuhanstudio.uk/blog/carla-coordinate/\n",
    "    focal = w / (2.0 * np.tan(fov * np.pi / 360.0))\n",
    "    K = np.identity(3)\n",
    "    if is_behind_camera:\n",
    "        K[0, 0] = K[1, 1] = -focal\n",
    "    else:\n",
    "        K[0, 0] = K[1, 1] = focal\n",
    "    K[0, 2] = w / 2.0\n",
    "    K[1, 2] = h / 2.0\n",
    "    return K\n",
    "\n",
    "w = 1280\n",
    "h = 720\n",
    "fov = 90\n",
    "\n",
    "build_projection_matrix(w, h, fov)"
   ]
  },
  {
   "cell_type": "code",
   "execution_count": null,
   "id": "236156a9",
   "metadata": {},
   "outputs": [],
   "source": []
  }
 ],
 "metadata": {
  "kernelspec": {
   "display_name": "ros_py312",
   "language": "python",
   "name": "python3"
  },
  "language_info": {
   "codemirror_mode": {
    "name": "ipython",
    "version": 3
   },
   "file_extension": ".py",
   "mimetype": "text/x-python",
   "name": "python",
   "nbconvert_exporter": "python",
   "pygments_lexer": "ipython3",
   "version": "3.12.3"
  }
 },
 "nbformat": 4,
 "nbformat_minor": 5
}
